['C', 9.314422, 0.240896, 0.654702]
['C', 10.155755, 0.400098, -0.452593]
['C', 10.227429, -0.618746, -1.406244]
['C', 9.46869, -1.782641, -1.262939]
['C', 8.618606, -1.945715, -0.162343]
['C', 8.546759, -0.936853, 0.7974]
['P', 7.504887, -0.816034, 2.314754]
['C', 8.252946, 0.828838, 2.709839]
['C', 9.123106, 1.2022, 1.750678]
['C', 5.810747, -0.438689, 1.703351]
['C', 4.716693, -1.134637, 2.240985]
['C', 3.426794, -0.874817, 1.789942]
['C', 3.187003, 0.087204, 0.787298]
['C', 4.294353, 0.781219, 0.252054]
['C', 5.583133, 0.521482, 0.703178]
['O', 7.537729, -1.901183, 3.329]
['H', 9.538212, -2.56759, -2.011689]
['H', 10.746296, 1.305947, -0.56847]
['H', 8.028272, -2.852679, -0.055042]
['H', 9.668651, 2.143983, 1.769609]
['H', 8.025459, 1.44511, 3.574368]
['H', 4.888465, -1.880082, 3.013449]
['H', 6.423962, 1.065913, 0.277055]
['H', 4.142326, 1.528169, -0.522982]
['H', 2.58821, -1.422036, 2.215906]
['N', -7.525749, 1.709189, -2.428636]
['C', -6.186789, 1.646889, -2.168165]
['C', -5.792048, 0.73511, -1.192324]
['S', -7.212304, -0.097948, -0.563763]
['C', -8.218011, 0.854126, -1.670389]
['C', -4.469233, 0.45076, -0.71071]
['S', -3.022764, 1.279589, -1.330708]
['C', -2.036748, 0.325157, -0.224607]
['C', -2.860448, -0.523035, 0.506942]
['N', -4.198153, -0.449353, 0.234972]
['C', -0.608312, 0.476263, -0.165339]
['S', 0.409805, -0.473742, 0.941046]
['C', 1.835234, 0.36089, 0.312179]
['C', 1.428622, 1.265676, -0.658257]
['N', 0.084313, 1.32635, -0.918176]
['H', 2.105089, 1.914931, -1.211403]
['H', -2.49863, -1.219992, 1.261691]
['H', -5.498621, 2.290821, -2.714503]
['C', -9.639595, 0.685537, -1.710621]
['S', -10.702966, 1.581426, -2.769236]
['C', -12.130829, 0.788769, -2.182213]
['C', -11.810163, -0.145246, -1.194825]
['C', -10.394992, -0.204919, -0.925901]
['N', -12.699026, -0.953625, -0.512391]
['C', -12.153762, -1.762717, 0.382434]
['C', -10.74134, -1.818258, 0.646786]
['N', -9.86105, -1.056916, 0.010415]
['H', -12.827351, -2.420828, 0.945409]
['H', -10.358919, -2.513568, 1.403046]
['H', 10.881176, -0.505112, -2.267457]
['H', -13.115142, 1.025723, -2.565964]
